# RESULTS FROM TALYS CALCULATION #
# nubar vs A : 
71	0	0.00207901
72	0	0.001091
71	0.523602	0.0383299
72	0	0.0626001
73	0.742383	0.0889301
74	0.0898333	0.0738999
75	0.892656	0.0339199
76	0.709383	0.008856
77	0.982311	0.001337
71	0	0.0177001
72	0.290736	0.0798201
73	0.0502549	0.321899
74	0.40974	0.801398
75	0.410974	1.171
76	0.852002	1.024
77	0.685014	0.538599
78	0.997363	0.1828
79	0.787219	0.0326801
80	1	0.00379899
71	0	0.00129999
72	0	0.0177799
73	0.322013	0.2055
74	0	1.416
75	0.639618	5.74898
76	0.15746	14.55
77	0.786095	23.4599
78	0.429354	25.87
79	0.904074	15.7601
80	0.62684	6.45701
81	1.00509	1.22801
82	1.05625	0.120201
83	1.14576	0.00770597
73	0	0.002833
74	0.0545439	0.0614802
75	0.00281217	0.739702
76	0.511485	5.273
77	0.13062	23.46
78	0.574902	72.7402
79	0.370672	130.9
80	0.912193	168.3
81	0.513842	106.099
82	0.985415	35.8801
83	0.9942	8.19304
84	1.09266	1.191
85	1.16183	0.0979797
86	1.37121	0.00430099
75	0.217682	0.01268
76	0	0.294799
77	0.372966	4.03699
78	0.0138161	36.3
79	0.504516	181.8
80	0.204266	646.501
81	0.735095	1164
82	0.312103	1190
83	0.888598	871.897
84	0.723823	427.302
85	1.00419	123.1
86	1.02762	19.4099
87	1.17865	2.038
88	1.29176	0.1134
89	1.51424	0.00441802
77	0	0.0125
78	0.297996	0.3777
79	0.0107154	6.03999
80	0.419231	64.5703
81	0.0550098	331.001
82	0.544381	934.804
83	0.157043	1910
84	0.919487	2728
85	0.75671	2431.01
86	1.00703	1256
87	0.897054	451.5
88	1.09227	88.8999
89	1.25839	12.5399
90	1.41448	0.999399
91	1.5497	0.04301
79	0.196356	0.0225299
80	0	0.8298
81	0.254778	14.04
82	0	123.8
83	0.398012	743.398
84	0.0150814	2975.99
85	0.707842	7319.02
86	0.629401	10689.9
87	0.898463	11450
88	0.760949	7134.03
89	1.05719	3359
90	1.08754	929.398
91	1.33102	142.999
92	1.43918	11.35
93	1.72052	0.579399
94	1.71975	0.0190699
81	0	0.00920899
82	0.155635	0.2855
83	0	5.82103
84	0.284885	75.39
85	0.0104753	565.599
86	0.749622	2378
87	0.551685	7065.03
88	0.820188	12210
89	0.803109	16540.1
90	1.0313	13949.9
91	1.05852	6940.99
92	1.23203	1870
93	1.37749	335.6
94	1.57516	39.81
95	1.73984	2.86501
96	2.18242	0.1149
97	1.87449	0.002677
83	0	0.004503
84	0	0.2085
85	0.162877	5.434
86	0	76.2501
87	0.481407	717.303
88	0.355875	3695.01
89	0.75096	14160
90	0.600456	32970.1
91	0.934964	45950.2
92	0.838174	36379.9
93	1.11098	20360.1
94	1.1587	7968.01
95	1.45248	1975
96	1.53461	281.399
97	1.82442	23.8
98	1.7739	1.27
99	1.99655	0.0432002
100	1.75802	5.27399
101	1.88839	0.2473
102	2.39665	0.00601799
86	0.0809448	0.0369401
87	0	1.23001
88	0.469657	21.7199
89	0.448865	272.601
90	0.683812	1965
91	0.651844	7985.03
92	0.895169	17639.9
93	0.854406	27279.9
94	1.08518	30369.9
95	1.23648	22620
96	1.50606	10280
97	1.50563	2921.99
98	1.57589	544.101
99	1.54155	66.3503
100	1.46209	2701
101	1.60435	447.001
102	1.80099	39.3198
103	2.0086	2.01
104	1.83543	0.0620503
105	1	0.001017
88	0	0.01237
89	0.339367	0.558001
90	0.312354	14.0801
91	0.602211	193.1
92	0.522174	1369
93	0.796583	6402.02
94	0.751764	20370.1
95	0.997616	41980.1
96	1.13951	53099.9
97	1.32196	43750.1
98	1.27414	25050.1
99	1.28453	9953.99
100	1.21677	23679.9
101	1.40218	12330
102	1.64723	3603.01
103	1.62372	637.498
104	1.72648	70.1901
105	1.78846	4.18799
106	2.08017	0.1267
107	1.78552	0.001931
90	0	0.001383
91	0.383315	0.0689903
92	0.602575	1.74199
93	0.529824	28.1699
94	0.773853	297.2
95	0.766958	1923
96	1.00391	7189.03
97	1.05592	16660
98	1.30239	26320
99	1.11585	29460
100	1.0542	34530.1
101	1.20088	49780.1
102	1.37998	41660
103	1.40439	22350
104	1.40037	7913.04
105	1.55318	1596.01
106	1.61612	169.2
107	1.69256	9.27496
108	1.93695	0.2759
109	2.06006	0.00483999
93	0.508015	0.0118
94	0.451542	0.449502
95	0.698932	10.26
96	0.671009	130.7
97	0.834983	984.702
98	0.931569	4773.99
99	1.11455	15460.1
100	1.07519	1211
101	1.02755	5235.99
102	1.26552	12440
103	1.23678	18430
104	1.27516	18230
105	1.36665	10750
106	1.48418	3536.01
107	1.46372	636.099
108	1.89728	64.9299
109	1.71229	4.03698
110	2.12619	0.1661
111	2.10641	0.00581097
96	0.864605	0.0344
97	0.743261	0.928599
98	0.9171	15.69
99	0.9299	170.3
100	0.702274	4.80001
101	0.985158	71.36
102	0.995422	558.297
103	1.08666	2573.99
104	0.961353	7465.97
105	1.15075	12309.9
106	1.22205	11180
107	1.26242	5699.02
108	1.52538	1738
109	1.50596	343
110	1.61863	47.2001
111	1.87027	5.74399
112	1.91175	0.588797
113	2.23591	0.0329801
114	1.99926	0.001203
98	0.623915	0.00482902
99	0.857151	0.190201
101	0.77801	0.01382
102	1.04477	0.389402
103	0.92268	6.30597
104	1.00614	61.9501
105	0.916821	329.601
106	1.08607	910.8
107	1.06518	1333
108	1.38979	1127
109	1.28659	617
110	1.48559	244.999
111	1.53181	91.1702
112	1.75783	30.2899
113	1.76797	5.77002
114	2.32513	0.740501
115	2.49897	0.0795699
116	2.59998	0.00481699
103	0.931453	0.00142501
104	0.663291	0.0509898
105	0.961243	0.968698
106	0.822677	9.28598
107	0.981396	45.2599
108	1.12796	120.8
109	1.14361	196.599
110	1.27298	220.3
111	1.40222	226.3
112	1.43464	211.001
113	1.57469	118.4
114	1.78176	47.5499
115	2.18959	16.89
116	2.15778	3.529
117	2.57376	0.479101
118	2.57845	0.0430502
119	2.59153	0.224099
120	2.23175	0.01668
106	0.971119	0.001323
107	0.685496	0.0233199
108	1.05068	0.220001
109	0.88275	1.22499
110	1.14356	4.48699
111	1.18142	14.22
112	1.30584	38.5599
113	1.34797	60.2997
114	1.64884	66.9402
115	1.82221	67.81
116	2.10211	42.69
117	2.17581	18.54
118	2.53939	5.60801
119	2.24112	18.7601
120	2.23126	4.751
121	1.94189	0.866596
122	1.88892	0.0728598
123	1.53812	0.005817
110	0.855466	0.009762
111	1.09709	0.1082
112	1.09531	0.987495
113	1.24207	4.94298
114	1.43932	16.55
115	1.67942	47.8098
116	1.68394	83.2201
117	1.98266	100.7
118	1.93416	88.5199
119	2.04035	81.6302
120	1.72417	60.9399
121	1.8149	34.7999
122	1.58857	15.61
123	1.3141	4.30102
124	1.34721	0.692801
125	1.24442	0.0947004
126	1.11827	0.00813998
113	0.883645	0.00668601
114	1.32632	0.0772302
115	1.48311	0.738102
116	1.59895	4.02201
117	1.66731	14.3399
118	1.85729	35.4
119	1.63156	24.2501
120	1.60764	50.4202
121	1.4655	79.6103
122	1.42857	63.1398
123	1.21792	52.4598
124	1.20898	27.05
125	1.0496	12.4501
126	1.01526	3.73998
127	0.755394	1.192
128	0.99638	0.215201
129	0.580989	0.0159999
130	1	0.001232
115	1	0.001187
116	1.31228	0.0227899
117	1.52621	0.276301
118	1.51547	2.212
119	1.51875	0.3884
120	1.36021	2.584
121	1.35633	12.3
122	1.1531	44.8498
123	1.03343	103
124	0.836851	148
125	0.951519	198.1
126	0.728918	183.701
127	0.834691	191.2
128	0.549495	118.1
129	0.700675	31.0499
130	0.270854	8.65202
131	0.968419	0.908396
132	1.06457	0.0519497
133	1	0.00179399
118	1.51023	0.00221699
120	1.29798	0.00568899
121	1.20029	0.0934101
122	1.13009	0.6983
123	0.806112	5.02001
124	0.939765	21.2501
125	0.701277	79.8098
126	0.930352	204.199
127	0.4743	600.099
128	0.790596	1102
129	0.200602	914.701
130	0.416853	848.7
131	0.125904	309.101
132	0	63.1101
133	0.943259	7.93796
134	1.15789	0.515198
135	1.28857	0.0161699
122	0	0.001134
123	0.858509	0.0287
124	0.642491	0.412901
125	0.795157	5.02901
126	0.481642	39.34
127	0.567139	333.601
128	0.271426	1700
129	0.300412	3910.99
130	0	10420
131	0.195244	11550
132	0	7605
133	0.640397	3240.99
134	0.900594	738.497
135	1.09913	83.4698
136	1.22254	4.77101
137	1.53865	0.1934
138	1.73407	0.005356
125	0.512202	0.00508801
126	0.69014	0.1385
127	0.23706	3.92599
128	0.559798	63.4999
129	0	436.4
130	0.262239	3295.01
131	0	10080
132	0.147378	18570.1
133	0	23200.1
134	0.4768	16460
135	0.969825	6124.02
136	1.12653	1204
137	1.25053	173.3
138	1.60952	17.4
139	1.78404	1.048
140	2.25404	0.0336501
127	0.348006	0.00470702
128	0.092	0.2698
129	0.118056	6.36402
130	0	157.7
131	0.0603707	1497
132	0	8060.03
133	0.0741862	28129.9
134	0	55110
135	0.83111	58230.3
136	0.723037	34320.1
137	1.05894	15720
138	1.29444	5293.97
139	1.45417	1112
140	1.62315	127.8
141	1.96312	9.10203
142	1.98921	0.4146
143	2.45986	0.01227
129	0	0.001325
130	0.0923192	0.1181
131	0	3.92898
132	0.0170051	71.4802
133	0	802.398
134	0.16651	4766.98
135	0	14419.9
136	0.964015	23540.1
137	0.844714	29969.9
138	1.11157	29190.1
139	1.26797	18810
140	1.55467	7032.03
141	1.58977	1706
142	1.82538	274.099
143	1.93737	29.3
144	2.26489	1.92601
145	2.33465	0.0691298
146	1.99957	0.001281
132	0	0.0631901
133	0.013642	2.52901
134	0	52.0201
135	0.098251	522.799
136	0.0477931	2685.01
137	0.843104	10130
138	0.844847	27789.9
139	1.07398	49379.8
140	1.17461	51939.9
141	1.3718	37250.1
142	1.39249	18790
143	1.59407	6658
144	1.64008	1513
145	2.00134	193.5
146	2.028	13.04
147	2.47328	0.517498
148	2.32577	0.01348
134	0	0.00796201
135	0	0.2892
136	0.243183	5.24301
137	0.130003	67.5099
138	0.943712	603.5
139	0.946364	3298
140	1.12197	10060
141	1.15668	20070
142	1.27402	28000
143	1.38637	28369.9
144	1.51721	19500
145	1.67838	8000.98
146	1.90469	1820
147	2.01033	252.899
148	2.25836	23.6601
149	2.3138	1.328
150	2.75946	0.0411802
137	0.169497	0.04396
138	0.216591	1.409
139	0.802837	26.8701
140	0.846148	275.2
141	1.02393	1752
142	0.978495	7347
143	1.2197	21180.1
144	1.25596	40209.9
145	1.47935	46030.2
146	1.56508	30530
147	1.86755	13130
148	1.79183	4025.01
149	2.09875	774.3
150	2.1948	84.9997
151	2.46543	5.07298
152	2.47198	0.1863
153	2.62421	0.00461598
139	0.347673	0.003021
140	0.892591	0.1123
141	0.886727	2.54199
142	0.96242	36.7001
143	1.02786	348.899
144	1.17817	2067
145	1.26721	6953.97
146	1.48384	12920
147	1.57967	15339.9
148	1.72403	13300.1
149	1.74614	7626.04
150	2.05949	2651
151	1.966	528.001
152	2.26877	67.3599
153	2.27521	5.96798
154	2.56462	0.319801
155	2.40336	0.00913496
142	0.711676	0.0175799
143	0.946707	0.6025
144	0.913202	12.5499
145	1.17003	143.199
146	1.20112	860.499
147	1.41437	3113.99
148	1.39948	7770.03
149	1.57634	12360
150	1.70226	11910
151	1.773	6832.02
152	1.76863	2659
153	1.99578	761.997
154	2.10261	138.601
155	2.34064	13.92
156	2.27593	0.6804
157	2.37686	0.0195799
142	2	1.052e-07
143	2	1.346e-05
144	0.00183333	0.001036
145	1.02434	0.04309
146	1.21482	0.925302
147	1.24808	11.6299
148	1.34551	96.8096
149	1.38467	487.201
150	1.60609	1399
151	1.53972	2269.01
152	1.65653	2437
153	1.69023	1958
154	1.96351	1047
155	1.96469	328.299
156	2.13727	52.9498
157	1.95027	5.24998
158	2.13777	0.368398
159	2.08435	0.01462
143	2	2.472e-11
144	2	7.111e-09
145	2	1.109e-06
146	2	8.859e-05
147	0.950906	0.004096
148	1.08106	0.1234
149	1.31507	2.19899
150	1.37773	21.6399
151	1.43155	114.9
152	1.43959	381.701
153	1.48984	893.698
154	1.5984	1333
155	1.7234	1155.01
156	1.67759	530.198
157	1.73035	158.1
158	1.78403	35.3999
159	2.01164	4.719
160	1.946	0.4836
161	2.1182	0.01712
146	2	1.026e-10
147	2	1.79e-08
148	2	2.017e-06
149	2	0.0001331
150	1.45609	0.00479299
151	1.32867	0.0914404
152	1.3569	1.063
153	1.36378	8.39701
154	1.44162	40.1799
155	1.45393	105.2
156	1.60682	138
157	1.44587	113.8
158	1.61457	70.9401
159	1.64359	27.43
160	1.83606	8.65098
161	1.73398	0.998296
162	1.4639	0.0779301
163	1.63308	0.00345099
148	2	1.856e-12
149	2	6.666e-10
150	2	9.014e-08
151	2	6.41e-06
152	2	0.000275
153	1.28294	0.00789804
154	1.29866	0.1346
155	1.33212	1.218
156	1.35452	5.29599
157	1.33346	13.7001
158	1.37723	25.2299
159	1.39251	27.4299
160	1.48336	23.8699
161	1.56153	7.75901
162	1.27706	1.79499
163	1.52848	0.250301
164	1.37416	0.01666
165	1	0.001393
151	2	5.524e-12
152	2	8.772e-10
153	2	9.436e-08
156	0.978126	0.003116
157	1.20129	0.0284201
158	1.26671	0.178199
159	1.29157	0.629698
160	1.39493	1.68001
161	1.3677	1.58
162	1.17746	1.016
163	1.38463	0.3922
164	1.2141	0.0748
165	1.39804	0.01896
154	2	2.185e-11
155	2	2.726e-09
159	0.981049	0.001563
160	1.19003	0.01453
161	1.2101	0.0457799
162	0.903563	0.0936703
163	1.24365	0.1083
164	0.993934	0.0586703
165	1.23012	0.0410699
156	2	8.716e-14
157	2	1.256e-11
164	0	0.001023
165	0.97097	0.002227
159	2	1.333e-13
160	2	1.745e-11
161	2	7.46e-10
162	2	2.009e-08
161	2	4.123e-16
162	2	3.408e-14
163	2	1.867e-12
164	2	4.468e-11
165	2	1.262e-09
164	2	8.781e-17
165	2	9.234e-15
